cam0:
  cam_overlaps: [1]
  camera_model: pinhole
  distortion_coeffs: [0.185438008359755, -0.3801762249931425, 0.0061956430094894,
    -0.001558854152433242]
  distortion_model: radtan
  intrinsics: [611.358584615254, 610.24839983252, 326.3455336828424, 246.58417568525425]
  resolution: [640, 480]
  rostopic: /d435/color/image_raw
cam1:
  T_cn_cnm1:
  - [0.9998732489707574, 0.015893659463148753, -0.0009367932242403954, -0.02620295868074434]
  - [-0.013800884444662745, 0.8945488151563701, 0.4467571520310482, 0.0799003637339676]
  - [0.007938613305898363, -0.44668759652716744, 0.8946547767309889, 0.01952065454069454]
  - [0.0, 0.0, 0.0, 1.0]
  cam_overlaps: [0, 2, 4]
  camera_model: pinhole
  distortion_coeffs: [-0.05268338601520044, 0.004889702830369265, -0.0031745403716575385,
    0.00015737212611983246]
  distortion_model: equidistant
  intrinsics: [271.7130252551282, 272.1434051421597, 320.79340187886527, 226.64923232430766]
  resolution: [640, 480]
  rostopic: /fisheye_front/image_raw
cam2:
  T_cn_cnm1:
  - [0.02858109426507216, 0.5689064260220068, -0.8219054687015224, -0.2645653209721253]
  - [-0.6323018478880641, 0.6471247204850368, 0.42593892671895295, 0.12797857288539397]
  - [0.7741947392019282, 0.5075185460335622, 0.3782161170865521, -0.12027173008309495]
  - [0.0, 0.0, 0.0, 1.0]
  cam_overlaps: [1, 3]
  camera_model: pinhole
  distortion_coeffs: [0.050174666740202295, -0.12848166442117862, -0.06202581927264942,
    0.05783883407588011]
  distortion_model: equidistant
  intrinsics: [329.701077564263, 341.076912244586, 317.70158610820454, 217.57751413067652]
  resolution: [640, 480]
  rostopic: /fisheye_right/image_raw
cam3:
  T_cn_cnm1:
  - [-0.024041340227930308, 0.6250296411360312, -0.7802307105346653, -0.17424007107812306]
  - [-0.47278508951286713, 0.680555044747223, 0.5597491314896659, 0.14943606977105794]
  - [0.880849744902259, 0.3823385656332474, 0.2791432394580886, -0.25748361100388867]
  - [0.0, 0.0, 0.0, 1.0]
  cam_overlaps: [2, 4]
  camera_model: pinhole
  distortion_coeffs: [-0.0082865186976524, -0.09458804304353491, 0.1096470205544713,
    -0.04796533786991879]
  distortion_model: equidistant
  intrinsics: [269.1521483612247, 270.40088409857066, 320.1982313350871, 225.50291790861093]
  resolution: [640, 480]
  rostopic: /fisheye_rear/image_raw
cam4:
  T_cn_cnm1:
  - [0.014176104348943785, 0.5132482204804244, -0.8581231276682649, -0.28730345878319613]
  - [-0.6111216295012859, 0.6837108452097228, 0.3988355978323639, 0.1041125107809449]
  - [0.7914097497637874, 0.5187636690404251, 0.32334944512482977, -0.14366647118591552]
  - [0.0, 0.0, 0.0, 1.0]
  cam_overlaps: [1, 3]
  camera_model: pinhole
  distortion_coeffs: [0.01821991787199912, -0.25419124421404754, 0.46973810494330803,
    -0.25781213898861643]
  distortion_model: equidistant
  intrinsics: [261.490408199468, 261.244043367376, 314.98982242180386, 239.4882574800282]
  resolution: [640, 480]
  rostopic: /fisheye_left/image_raw
