calibration_timestamp: 1752049636.9971776
d435_x_distance: 0.30
d435_y_distance: 0.0
d435_z_distance: 1.824847292051296
d435_roll_angle: 0.018046797027430124
d435_pitch_angle: 1.0063968196049857
d435_yaw_angle: 0.0
